   1 M a   0.871   0.000 (  0.003   4.755)
   2 A b   0.871   0.000 (  0.003   4.755)
   3 F c   0.871   0.000 (  0.003   4.755)
   4 L d   0.871   0.000 (  0.003   4.755)
   5 N e   0.871   0.000 (  0.003   4.755)
   6 K a   0.892   0.000 (  0.005   4.706)
   7 V b   0.892   0.000 (  0.005   4.706)
   8 K c   0.892   0.000 (  0.005   4.706)
   9 N d   0.892   0.000 (  0.005   4.706)
  10 L e   0.892   0.000 (  0.005   4.706)
  11 F f   0.892   0.000 (  0.005   4.706)
  12 R g   0.892   0.000 (  0.005   4.706)
  13 A a   0.892   0.000 (  0.005   4.706)
  14 N b   0.892   0.000 (  0.005   4.706)
  15 Q c   0.892   0.000 (  0.005   4.706)
  16 A d   0.892   0.000 (  0.005   4.706)
  17 E e   0.892   0.000 (  0.005   4.706)
  18 K f   0.892   0.000 (  0.005   4.706)
  19 K g   0.892   0.000 (  0.005   4.706)
  20 L a   0.892   0.000 (  0.005   4.706)
  21 P b   0.892   0.000 (  0.005   4.706)
  22 S c   0.892   0.000 (  0.005   4.706)
  23 Y d   0.892   0.000 (  0.005   4.706)
  24 I e   0.892   0.000 (  0.005   4.706)
  25 Y f   0.892   0.000 (  0.005   4.706)
  26 D g   0.892   0.000 (  0.005   4.706)
  27 N a   0.863   0.000 (  0.003   4.761)
  28 V b   0.863   0.000 (  0.003   4.761)
  29 N c   0.863   0.000 (  0.003   4.761)
  30 P d   0.863   0.000 (  0.003   4.761)
  31 R e   0.863   0.000 (  0.003   4.761)
  32 D f   0.863   0.000 (  0.003   4.761)
  33 H g   0.863   0.000 (  0.003   4.761)
  34 W a   0.724   0.000 (  0.000   3.867)
  35 N b   0.724   0.000 (  0.000   3.867)
  36 I c   0.724   0.000 (  0.000   3.867)
  37 I d   0.724   0.000 (  0.000   3.867)
  38 G e   0.724   0.000 (  0.000   3.867)
  39 E f   0.724   0.000 (  0.000   3.867)
  40 L g   0.724   0.000 (  0.000   3.867)
  41 G a   0.724   0.000 (  0.000   3.867)
  42 D b   0.724   0.000 (  0.000   3.867)
  43 G c   0.724   0.000 (  0.000   3.867)
  44 A d   0.724   0.000 (  0.000   3.867)
  45 F a   0.761   0.000 (  0.001   4.261)
  46 G b   0.761   0.000 (  0.001   4.261)
  47 K c   0.761   0.000 (  0.001   4.261)
  48 V d   0.761   0.000 (  0.001   4.261)
  49 E a   0.826   0.000 (  0.002   4.699)
  50 K b   0.826   0.000 (  0.002   4.699)
  51 A c   0.826   0.000 (  0.002   4.699)
  52 V a   0.857   0.000 (  0.003   4.762)
  53 S b   0.857   0.000 (  0.003   4.762)
  54 R c   0.857   0.000 (  0.003   4.762)
  55 T d   0.857   0.000 (  0.003   4.762)
  56 D e   0.857   0.000 (  0.003   4.762)
  57 P f   0.857   0.000 (  0.003   4.762)
  58 K g   0.857   0.000 (  0.003   4.762)
  59 L a   0.857   0.000 (  0.003   4.762)
  60 F a   0.932   0.000 (  0.009   4.489)
  61 A a   1.060   0.001 (  0.055   3.029)
  62 A b   1.060   0.001 (  0.055   3.029)
  63 S c   1.060   0.001 (  0.055   3.029)
  64 K a   1.066   0.001 (  0.059   2.943)
  65 S b   1.066   0.001 (  0.059   2.943)
  66 I c   1.066   0.001 (  0.059   2.943)
  67 E d   1.066   0.001 (  0.059   2.943)
  68 I e   1.066   0.001 (  0.059   2.943)
  69 Q f   1.066   0.001 (  0.059   2.943)
  70 E g   1.066   0.001 (  0.059   2.943)
  71 G a   1.066   0.001 (  0.059   2.943)
  72 E b   1.066   0.001 (  0.059   2.943)
  73 E c   1.066   0.001 (  0.059   2.943)
  74 L d   1.066   0.001 (  0.059   2.943)
  75 E e   1.066   0.001 (  0.059   2.943)
  76 D f   1.066   0.001 (  0.059   2.943)
  77 F g   1.066   0.001 (  0.059   2.943)
  78 L a   1.066   0.001 (  0.059   2.943)
  79 V b   1.066   0.001 (  0.059   2.943)
  80 E c   1.066   0.001 (  0.059   2.943)
  81 I d   1.066   0.001 (  0.059   2.943)
  82 E e   1.066   0.001 (  0.059   2.943)
  83 I f   1.066   0.001 (  0.059   2.943)
  84 L g   1.066   0.001 (  0.059   2.943)
  85 S e   1.047   0.001 (  0.047   3.202)
  86 E f   1.047   0.001 (  0.047   3.202)
  87 C g   1.047   0.001 (  0.047   3.202)
  88 K g   0.909   0.000 (  0.006   4.635)
  89 G f   0.757   0.000 (  0.000   4.227)
  90 H g   0.757   0.000 (  0.000   4.227)
  91 P d   0.714   0.000 (  0.000   3.733)
  92 V e   0.714   0.000 (  0.000   3.733)
  93 M f   0.714   0.000 (  0.000   3.733)
  94 L g   0.714   0.000 (  0.000   3.733)
  95 G c   0.611   0.000 (  0.000   2.357)
  96 L d   0.611   0.000 (  0.000   2.357)
  97 Y e   0.611   0.000 (  0.000   2.357)
  98 S f   0.611   0.000 (  0.000   2.357)
  99 T g   0.611   0.000 (  0.000   2.357)
 100 Y a   0.611   0.000 (  0.000   2.357)
 101 F b   0.611   0.000 (  0.000   2.357)
 102 F c   0.611   0.000 (  0.000   2.357)
 103 E a   0.650   0.000 (  0.000   2.893)
 104 N b   0.650   0.000 (  0.000   2.893)
 105 K c   0.650   0.000 (  0.000   2.893)
 106 L d   0.650   0.000 (  0.000   2.893)
 107 T e   0.650   0.000 (  0.000   2.893)
 108 M f   0.650   0.000 (  0.000   2.893)
 109 L g   0.650   0.000 (  0.000   2.893)
 110 L a   0.650   0.000 (  0.000   2.893)
 111 E a   0.662   0.000 (  0.000   3.052)
 112 F b   0.662   0.000 (  0.000   3.052)
 113 C c   0.662   0.000 (  0.000   3.052)
 114 G d   0.662   0.000 (  0.000   3.052)
 115 G a   0.843   0.000 (  0.002   4.746)
 116 G b   0.843   0.000 (  0.002   4.746)
 117 A c   0.843   0.000 (  0.002   4.746)
 118 V d   0.843   0.000 (  0.002   4.746)
 119 D e   0.843   0.000 (  0.002   4.746)
 120 N f   0.843   0.000 (  0.002   4.746)
 121 I g   0.843   0.000 (  0.002   4.746)
 122 I a   0.843   0.000 (  0.002   4.746)
 123 V b   0.843   0.000 (  0.002   4.746)
 124 E c   0.843   0.000 (  0.002   4.746)
 125 L d   0.843   0.000 (  0.002   4.746)
 126 G e   0.843   0.000 (  0.002   4.746)
 127 H f   0.843   0.000 (  0.002   4.746)
 128 V g   0.843   0.000 (  0.002   4.746)
 129 L a   0.843   0.000 (  0.002   4.746)
 130 K b   0.843   0.000 (  0.002   4.746)
 131 E c   0.843   0.000 (  0.002   4.746)
 132 D d   0.843   0.000 (  0.002   4.746)
 133 Q e   0.843   0.000 (  0.002   4.746)
 134 I f   0.843   0.000 (  0.002   4.746)
 135 R g   0.843   0.000 (  0.002   4.746)
 136 Y a   0.772   0.000 (  0.001   4.361)
 137 I b   0.772   0.000 (  0.001   4.361)
 138 G c   0.772   0.000 (  0.001   4.361)
 139 Y d   0.772   0.000 (  0.001   4.361)
 140 Y e   0.772   0.000 (  0.001   4.361)
 141 V f   0.772   0.000 (  0.001   4.361)
 142 C g   0.772   0.000 (  0.001   4.361)
 143 D b   0.743   0.000 (  0.000   4.078)
 144 A a   0.765   0.000 (  0.001   4.296)
 145 L a   0.772   0.000 (  0.001   4.365)
 146 K b   0.772   0.000 (  0.001   4.365)
 147 W c   0.772   0.000 (  0.001   4.365)
 148 L a   0.972   0.000 (  0.017   4.127)
 149 H b   0.972   0.000 (  0.017   4.127)
 150 S c   0.972   0.000 (  0.017   4.127)
 151 Q d   0.972   0.000 (  0.017   4.127)
 152 N e   0.972   0.000 (  0.017   4.127)
 153 V f   0.972   0.000 (  0.017   4.127)
 154 I g   0.972   0.000 (  0.017   4.127)
 155 H a   0.972   0.000 (  0.017   4.127)
 156 R b   0.972   0.000 (  0.017   4.127)
 157 D c   0.972   0.000 (  0.017   4.127)
 158 L d   0.972   0.000 (  0.017   4.127)
 159 K e   0.972   0.000 (  0.017   4.127)
 160 A f   0.972   0.000 (  0.017   4.127)
 161 G g   0.972   0.000 (  0.017   4.127)
 162 N a   0.972   0.000 (  0.017   4.127)
 163 I b   0.972   0.000 (  0.017   4.127)
 164 L c   0.972   0.000 (  0.017   4.127)
 165 L d   0.972   0.000 (  0.017   4.127)
 166 T e   0.972   0.000 (  0.017   4.127)
 167 Q f   0.972   0.000 (  0.017   4.127)
 168 D g   0.972   0.000 (  0.017   4.127)
 169 G d   0.856   0.000 (  0.003   4.761)
 170 Q a   0.867   0.000 (  0.003   4.759)
 171 V b   0.867   0.000 (  0.003   4.759)
 172 R c   0.867   0.000 (  0.003   4.759)
 173 L d   0.867   0.000 (  0.003   4.759)
 174 A e   0.867   0.000 (  0.003   4.759)
 175 D f   0.867   0.000 (  0.003   4.759)
 176 F g   0.867   0.000 (  0.003   4.759)
 177 G a   0.867   0.000 (  0.003   4.759)
 178 V b   0.867   0.000 (  0.003   4.759)
 179 S c   0.867   0.000 (  0.003   4.759)
 180 A d   0.867   0.000 (  0.003   4.759)
 181 K e   0.867   0.000 (  0.003   4.759)
 182 L f   0.867   0.000 (  0.003   4.759)
 183 K g   0.867   0.000 (  0.003   4.759)
 184 S a   0.867   0.000 (  0.003   4.759)
 185 E b   0.867   0.000 (  0.003   4.759)
 186 R c   0.867   0.000 (  0.003   4.759)
 187 E d   0.867   0.000 (  0.003   4.759)
 188 K e   0.867   0.000 (  0.003   4.759)
 189 R f   0.867   0.000 (  0.003   4.759)
 190 D g   0.867   0.000 (  0.003   4.759)
 191 T c   0.824   0.000 (  0.002   4.693)
 192 F d   0.824   0.000 (  0.002   4.693)
 193 I e   0.824   0.000 (  0.002   4.693)
 194 G f   0.824   0.000 (  0.002   4.693)
 195 T g   0.824   0.000 (  0.002   4.693)
 196 P d   0.565   0.000 (  0.000   1.776)
 197 Y e   0.565   0.000 (  0.000   1.776)
 198 W f   0.565   0.000 (  0.000   1.776)
 199 M g   0.565   0.000 (  0.000   1.776)
 200 A b   0.556   0.000 (  0.000   1.675)
 201 P c   0.556   0.000 (  0.000   1.675)
 202 E d   0.556   0.000 (  0.000   1.675)
 203 V e   0.556   0.000 (  0.000   1.675)
 204 M f   0.556   0.000 (  0.000   1.675)
 205 A g   0.556   0.000 (  0.000   1.675)
 206 C a   0.557   0.000 (  0.000   1.677)
 207 E b   0.557   0.000 (  0.000   1.677)
 208 T c   0.557   0.000 (  0.000   1.677)
 209 F d   0.557   0.000 (  0.000   1.677)
 210 K e   0.557   0.000 (  0.000   1.677)
 211 D f   0.557   0.000 (  0.000   1.677)
 212 Q g   0.557   0.000 (  0.000   1.677)
 213 P a   0.557   0.000 (  0.000   1.677)
 214 Y a   0.758   0.000 (  0.000   4.236)
 215 D b   0.758   0.000 (  0.000   4.236)
 216 C c   0.758   0.000 (  0.000   4.236)
 217 I d   0.758   0.000 (  0.000   4.236)
 218 S e   0.758   0.000 (  0.000   4.236)
 219 D f   0.758   0.000 (  0.000   4.236)
 220 I g   0.758   0.000 (  0.000   4.236)
 221 W a   0.758   0.000 (  0.000   4.236)
 222 S b   0.758   0.000 (  0.000   4.236)
 223 F c   0.758   0.000 (  0.000   4.236)
 224 G d   0.758   0.000 (  0.000   4.236)
 225 I e   0.758   0.000 (  0.000   4.236)
 226 T f   0.758   0.000 (  0.000   4.236)
 227 L g   0.758   0.000 (  0.000   4.236)
 228 I a   0.758   0.000 (  0.000   4.236)
 229 E b   0.758   0.000 (  0.000   4.236)
 230 M c   0.758   0.000 (  0.000   4.236)
 231 A d   0.758   0.000 (  0.000   4.236)
 232 Q e   0.758   0.000 (  0.000   4.236)
 233 G f   0.758   0.000 (  0.000   4.236)
 234 E g   0.758   0.000 (  0.000   4.236)
 235 P a   0.665   0.000 (  0.000   3.099)
 236 P b   0.665   0.000 (  0.000   3.099)
 237 H c   0.665   0.000 (  0.000   3.099)
 238 S d   0.665   0.000 (  0.000   3.099)
 239 D e   0.665   0.000 (  0.000   3.099)
 240 V f   0.665   0.000 (  0.000   3.099)
 241 S g   0.665   0.000 (  0.000   3.099)
 242 V a   0.665   0.000 (  0.000   3.099)
 243 M b   0.665   0.000 (  0.000   3.099)
 244 R c   0.665   0.000 (  0.000   3.099)
 245 V d   0.665   0.000 (  0.000   3.099)
 246 I e   0.665   0.000 (  0.000   3.099)
 247 I f   0.665   0.000 (  0.000   3.099)
 248 K g   0.665   0.000 (  0.000   3.099)
 249 V c   0.577   0.000 (  0.000   1.926)
 250 Q d   0.577   0.000 (  0.000   1.926)
 251 K e   0.577   0.000 (  0.000   1.926)
 252 S f   0.577   0.000 (  0.000   1.926)
 253 E g   0.577   0.000 (  0.000   1.926)
 254 P a   0.571   0.000 (  0.000   1.848)
 255 P b   0.571   0.000 (  0.000   1.848)
 256 T c   0.571   0.000 (  0.000   1.848)
 257 L d   0.571   0.000 (  0.000   1.848)
 258 L a   0.575   0.000 (  0.000   1.899)
 259 Q b   0.575   0.000 (  0.000   1.899)
 260 P c   0.575   0.000 (  0.000   1.899)
 261 S d   0.575   0.000 (  0.000   1.899)
 262 H e   0.575   0.000 (  0.000   1.899)
 263 W f   0.575   0.000 (  0.000   1.899)
 264 T g   0.575   0.000 (  0.000   1.899)
 265 R a   0.575   0.000 (  0.000   1.899)
 266 S b   0.575   0.000 (  0.000   1.899)
 267 F c   0.575   0.000 (  0.000   1.899)
 268 S d   0.575   0.000 (  0.000   1.899)
 269 D e   0.575   0.000 (  0.000   1.899)
 270 I f   0.575   0.000 (  0.000   1.899)
 271 L g   0.575   0.000 (  0.000   1.899)
 272 T a   0.575   0.000 (  0.000   1.899)
 273 R b   0.575   0.000 (  0.000   1.899)
 274 C c   0.575   0.000 (  0.000   1.899)
 275 L d   0.575   0.000 (  0.000   1.899)
 276 V a   0.591   0.000 (  0.000   2.097)
 277 K b   0.591   0.000 (  0.000   2.097)
 278 D c   0.591   0.000 (  0.000   2.097)
 279 P d   0.591   0.000 (  0.000   2.097)
 280 R e   0.591   0.000 (  0.000   2.097)
 281 N f   0.591   0.000 (  0.000   2.097)
 282 R g   0.591   0.000 (  0.000   2.097)
 283 P a   0.591   0.000 (  0.000   2.097)
 284 P b   0.591   0.000 (  0.000   2.097)
 285 A c   0.591   0.000 (  0.000   2.097)
 286 A d   0.591   0.000 (  0.000   2.097)
 287 E e   0.591   0.000 (  0.000   2.097)
 288 I f   0.591   0.000 (  0.000   2.097)
 289 F g   0.591   0.000 (  0.000   2.097)
 290 K a   1.038   0.001 (  0.042   3.318)
 291 H b   1.038   0.001 (  0.042   3.318)
 292 Q c   1.038   0.001 (  0.042   3.318)
 293 W d   1.038   0.001 (  0.042   3.318)
 294 F e   1.038   0.001 (  0.042   3.318)
 295 Q f   1.038   0.001 (  0.042   3.318)
 296 N g   1.038   0.001 (  0.042   3.318)
 297 A a   1.038   0.001 (  0.042   3.318)
 298 P b   1.038   0.001 (  0.042   3.318)
 299 S c   1.038   0.001 (  0.042   3.318)
 300 K d   1.038   0.001 (  0.042   3.318)
 301 R e   1.038   0.001 (  0.042   3.318)
 302 K f   1.038   0.001 (  0.042   3.318)
 303 M g   1.038   0.001 (  0.042   3.318)
 304 I a   1.038   0.001 (  0.042   3.318)
 305 M a   1.137   0.003 (  0.139   1.998)
 306 D b   1.137   0.003 (  0.139   1.998)
 307 L c   1.137   0.003 (  0.139   1.998)
 308 L d   1.137   0.003 (  0.139   1.998)
 309 A e   1.137   0.003 (  0.139   1.998)
 310 E f   1.137   0.003 (  0.139   1.998)
 311 M g   1.137   0.003 (  0.139   1.998)
 312 Y a   1.137   0.003 (  0.139   1.998)
 313 A b   1.137   0.003 (  0.139   1.998)
 314 D c   1.137   0.003 (  0.139   1.998)
 315 V d   1.137   0.003 (  0.139   1.998)
 316 Q e   1.137   0.003 (  0.139   1.998)
 317 E f   1.137   0.003 (  0.139   1.998)
 318 E g   1.137   0.003 (  0.139   1.998)
 319 V a   1.137   0.003 (  0.139   1.998)
 320 V b   1.137   0.003 (  0.139   1.998)
 321 I c   1.137   0.003 (  0.139   1.998)
 322 D d   1.137   0.003 (  0.139   1.998)
 323 G e   1.137   0.003 (  0.139   1.998)
 324 D f   1.137   0.003 (  0.139   1.998)
 325 E g   1.137   0.003 (  0.139   1.998)
 326 E g   0.915   0.000 (  0.007   4.599)
 327 S a   0.915   0.000 (  0.007   4.599)
 328 V b   0.915   0.000 (  0.007   4.599)
 329 A c   0.915   0.000 (  0.007   4.599)
 330 G d   0.915   0.000 (  0.007   4.599)
 331 S e   0.915   0.000 (  0.007   4.599)
 332 D f   0.915   0.000 (  0.007   4.599)
 333 E g   0.915   0.000 (  0.007   4.599)
 334 I g   0.831   0.000 (  0.002   4.715)
 335 S b   0.825   0.000 (  0.002   4.695)
 336 Q c   0.825   0.000 (  0.002   4.695)
 337 R d   0.825   0.000 (  0.002   4.695)
 338 R e   0.825   0.000 (  0.002   4.695)
 339 G f   0.825   0.000 (  0.002   4.695)
 340 D g   0.825   0.000 (  0.002   4.695)
 341 S g   0.805   0.000 (  0.001   4.602)
 342 W d   0.734   0.000 (  0.000   3.977)
 343 S e   0.734   0.000 (  0.000   3.977)
 344 S f   0.734   0.000 (  0.000   3.977)
 345 A g   0.734   0.000 (  0.000   3.977)
 346 S e   0.672   0.000 (  0.000   3.190)
 347 D f   0.672   0.000 (  0.000   3.190)
 348 S g   0.672   0.000 (  0.000   3.190)
 349 P d   0.501   0.000 (  0.000   1.101)
 350 R e   0.501   0.000 (  0.000   1.101)
 351 P f   0.501   0.000 (  0.000   1.101)
 352 A g   0.501   0.000 (  0.000   1.101)
 353 T e   0.488   0.000 (  0.000   0.990)
 354 S f   0.488   0.000 (  0.000   0.990)
 355 D g   0.488   0.000 (  0.000   0.990)
 356 G g   0.395   0.000 (  0.000   0.409)
 357 F e   0.394   0.000 (  0.000   0.405)
 358 K f   0.394   0.000 (  0.000   0.405)
 359 V g   0.394   0.000 (  0.000   0.405)
 360 P d   0.387   0.000 (  0.000   0.378)
 361 I e   0.387   0.000 (  0.000   0.378)
 362 V f   0.387   0.000 (  0.000   0.378)
 363 S g   0.387   0.000 (  0.000   0.378)
 364 V a   0.387   0.000 (  0.000   0.378)
 365 P b   0.387   0.000 (  0.000   0.378)
 366 I c   0.387   0.000 (  0.000   0.378)
 367 I d   0.387   0.000 (  0.000   0.378)
 368 E e   0.387   0.000 (  0.000   0.378)
 369 T f   0.387   0.000 (  0.000   0.378)
 370 P g   0.387   0.000 (  0.000   0.378)
 371 P d   0.273   0.000 (  0.000   0.095)
 372 P e   0.273   0.000 (  0.000   0.095)
 373 D a   0.329   0.000 (  0.000   0.195)
 374 T a   0.474   0.000 (  0.000   0.877)
 375 P b   0.474   0.000 (  0.000   0.877)
 376 H c   0.474   0.000 (  0.000   0.877)
 377 K d   0.474   0.000 (  0.000   0.877)
 378 K e   0.474   0.000 (  0.000   0.877)
 379 R f   0.474   0.000 (  0.000   0.877)
 380 A g   0.474   0.000 (  0.000   0.877)
 381 A a   0.474   0.000 (  0.000   0.877)
 382 P b   0.474   0.000 (  0.000   0.877)
 383 P c   0.474   0.000 (  0.000   0.877)
 384 P d   0.474   0.000 (  0.000   0.877)
 385 P a   0.540   0.000 (  0.000   1.495)
 386 Q b   0.540   0.000 (  0.000   1.495)
 387 E c   0.540   0.000 (  0.000   1.495)
 388 V d   0.540   0.000 (  0.000   1.495)
 389 N e   0.540   0.000 (  0.000   1.495)
 390 A f   0.540   0.000 (  0.000   1.495)
 391 H g   0.540   0.000 (  0.000   1.495)
 392 R a   0.540   0.000 (  0.000   1.495)
 393 Q b   0.540   0.000 (  0.000   1.495)
 394 S c   0.540   0.000 (  0.000   1.495)
 395 P d   0.540   0.000 (  0.000   1.495)
 396 V a   0.604   0.000 (  0.000   2.260)
 397 V b   0.604   0.000 (  0.000   2.260)
 398 N a   0.632   0.000 (  0.000   2.644)
 399 G b   0.632   0.000 (  0.000   2.644)
 400 K a   0.800   0.000 (  0.001   4.574)
 401 P b   0.800   0.000 (  0.001   4.574)
 402 A c   0.800   0.000 (  0.001   4.574)
 403 E d   0.800   0.000 (  0.001   4.574)
 404 N e   0.800   0.000 (  0.001   4.574)
 405 S f   0.800   0.000 (  0.001   4.574)
 406 S g   0.800   0.000 (  0.001   4.574)
 407 F a   0.800   0.000 (  0.001   4.574)
 408 A b   0.800   0.000 (  0.001   4.574)
 409 E c   0.800   0.000 (  0.001   4.574)
 410 F d   0.800   0.000 (  0.001   4.574)
 411 S e   0.800   0.000 (  0.001   4.574)
 412 F f   0.800   0.000 (  0.001   4.574)
 413 S g   0.800   0.000 (  0.001   4.574)
 414 N a   0.800   0.000 (  0.001   4.574)
 415 S b   0.800   0.000 (  0.001   4.574)
 416 N c   0.800   0.000 (  0.001   4.574)
 417 T d   0.800   0.000 (  0.001   4.574)
 418 S e   0.800   0.000 (  0.001   4.574)
 419 S f   0.800   0.000 (  0.001   4.574)
 420 E g   0.800   0.000 (  0.001   4.574)
 421 G f   0.717   0.000 (  0.000   3.779)
 422 T g   0.717   0.000 (  0.000   3.779)
 423 A f   0.706   0.000 (  0.000   3.641)
 424 E g   0.706   0.000 (  0.000   3.641)
 425 F a   0.706   0.000 (  0.000   3.641)
 426 S b   0.706   0.000 (  0.000   3.641)
 427 T c   0.706   0.000 (  0.000   3.641)
 428 P d   0.706   0.000 (  0.000   3.641)
 429 S e   0.706   0.000 (  0.000   3.641)
 430 T f   0.706   0.000 (  0.000   3.641)
 431 N g   0.706   0.000 (  0.000   3.641)
 432 K a   0.706   0.000 (  0.000   3.641)
 433 S b   0.706   0.000 (  0.000   3.641)
 434 S c   0.706   0.000 (  0.000   3.641)
 435 A d   0.706   0.000 (  0.000   3.641)
 436 Q e   0.706   0.000 (  0.000   3.641)
 437 L f   0.706   0.000 (  0.000   3.641)
 438 S g   0.706   0.000 (  0.000   3.641)
 439 T f   0.604   0.000 (  0.000   2.261)
 440 P g   0.604   0.000 (  0.000   2.261)
 441 A a   0.604   0.000 (  0.000   2.261)
 442 V b   0.604   0.000 (  0.000   2.261)
 443 L c   0.604   0.000 (  0.000   2.261)
 444 S d   0.604   0.000 (  0.000   2.261)
 445 L e   0.604   0.000 (  0.000   2.261)
 446 N f   0.604   0.000 (  0.000   2.261)
 447 T g   0.604   0.000 (  0.000   2.261)
 448 S f   0.591   0.000 (  0.000   2.094)
 449 G g   0.591   0.000 (  0.000   2.094)
 450 S a   0.719   0.000 (  0.000   3.803)
 451 P b   0.719   0.000 (  0.000   3.803)
 452 S c   0.719   0.000 (  0.000   3.803)
 453 S d   0.719   0.000 (  0.000   3.803)
 454 A a   0.939   0.000 (  0.010   4.436)
 455 N b   0.939   0.000 (  0.010   4.436)
 456 E c   0.939   0.000 (  0.010   4.436)
 457 F d   0.939   0.000 (  0.010   4.436)
 458 V e   0.939   0.000 (  0.010   4.436)
 459 S f   0.939   0.000 (  0.010   4.436)
 460 P g   0.939   0.000 (  0.010   4.436)
 461 R a   1.274   0.032 (  0.560   0.680)
 462 R b   1.274   0.032 (  0.560   0.680)
 463 E c   1.274   0.032 (  0.560   0.680)
 464 A d   1.274   0.032 (  0.560   0.680)
 465 L e   1.274   0.032 (  0.560   0.680)
 466 S f   1.274   0.032 (  0.560   0.680)
 467 I g   1.274   0.032 (  0.560   0.680)
 468 L a   1.274   0.032 (  0.560   0.680)
 469 D b   1.274   0.032 (  0.560   0.680)
 470 E c   1.274   0.032 (  0.560   0.680)
 471 L d   1.274   0.032 (  0.560   0.680)
 472 T e   1.274   0.032 (  0.560   0.680)
 473 T f   1.274   0.032 (  0.560   0.680)
 474 T g   1.274   0.032 (  0.560   0.680)
 475 L a   1.274   0.032 (  0.560   0.680)
 476 D b   1.274   0.032 (  0.560   0.680)
 477 D c   1.274   0.032 (  0.560   0.680)
 478 E d   1.274   0.032 (  0.560   0.680)
 479 Q e   1.274   0.032 (  0.560   0.680)
 480 G f   1.274   0.032 (  0.560   0.680)
 481 S g   1.274   0.032 (  0.560   0.680)
 482 T d   0.757   0.000 (  0.000   4.222)
 483 F e   0.757   0.000 (  0.000   4.222)
 484 F f   0.757   0.000 (  0.000   4.222)
 485 N g   0.757   0.000 (  0.000   4.222)
 486 S e   0.714   0.000 (  0.000   3.742)
 487 P f   0.714   0.000 (  0.000   3.742)
 488 R g   0.714   0.000 (  0.000   3.742)
 489 S d   0.584   0.000 (  0.000   2.001)
 490 S e   0.584   0.000 (  0.000   2.001)
 491 A f   0.584   0.000 (  0.000   2.001)
 492 S g   0.584   0.000 (  0.000   2.001)
 493 P e   0.473   0.000 (  0.000   0.870)
 494 R f   0.473   0.000 (  0.000   0.870)
 495 Q g   0.473   0.000 (  0.000   0.870)
 496 S g   0.452   0.000 (  0.000   0.719)
 497 P a   0.406   0.000 (  0.000   0.460)
 498 R a   0.455   0.000 (  0.000   0.742)
 499 R b   0.455   0.000 (  0.000   0.742)
 500 S c   0.455   0.000 (  0.000   0.742)
 501 P d   0.455   0.000 (  0.000   0.742)
 502 H a   0.491   0.000 (  0.000   1.013)
 503 E b   0.491   0.000 (  0.000   1.013)
 504 S a   0.597   0.000 (  0.000   2.171)
 505 P b   0.597   0.000 (  0.000   2.171)
 506 R c   0.597   0.000 (  0.000   2.171)
 507 H d   0.597   0.000 (  0.000   2.171)
 508 S e   0.597   0.000 (  0.000   2.171)
 509 P a   0.614   0.000 (  0.000   2.404)
 510 R a   0.657   0.000 (  0.000   2.988)
 511 N a   0.716   0.000 (  0.000   3.765)
 512 S a   0.779   0.000 (  0.001   4.423)
 513 P b   0.779   0.000 (  0.001   4.423)
 514 Q c   0.779   0.000 (  0.001   4.423)
 515 K d   0.779   0.000 (  0.001   4.423)
 516 E e   0.779   0.000 (  0.001   4.423)
 517 Q f   0.779   0.000 (  0.001   4.423)
 518 L g   0.779   0.000 (  0.001   4.423)
 519 F a   0.779   0.000 (  0.001   4.423)
 520 E b   0.779   0.000 (  0.001   4.423)
 521 H c   0.779   0.000 (  0.001   4.423)
 522 S d   0.779   0.000 (  0.001   4.423)
 523 I e   0.779   0.000 (  0.001   4.423)
 524 R f   0.779   0.000 (  0.001   4.423)
 525 D g   0.779   0.000 (  0.001   4.423)
 526 T a   0.779   0.000 (  0.001   4.423)
 527 I b   0.779   0.000 (  0.001   4.423)
 528 M c   0.779   0.000 (  0.001   4.423)
 529 A d   0.779   0.000 (  0.001   4.423)
 530 S e   0.779   0.000 (  0.001   4.423)
 531 R f   0.779   0.000 (  0.001   4.423)
 532 S g   0.779   0.000 (  0.001   4.423)
 533 R g   0.686   0.000 (  0.000   3.378)
 534 P e   0.645   0.000 (  0.000   2.820)
 535 S f   0.645   0.000 (  0.000   2.820)
 536 L a   0.654   0.000 (  0.000   2.939)
 537 S a   0.656   0.000 (  0.000   2.965)
 538 P b   0.656   0.000 (  0.000   2.965)
 539 Q c   0.656   0.000 (  0.000   2.965)
 540 L d   0.656   0.000 (  0.000   2.965)
 541 R e   0.656   0.000 (  0.000   2.965)
 542 Q f   0.656   0.000 (  0.000   2.965)
 543 L g   0.656   0.000 (  0.000   2.965)
 544 S a   0.706   0.000 (  0.000   3.635)
 545 P b   0.706   0.000 (  0.000   3.635)
 546 S c   0.706   0.000 (  0.000   3.635)
 547 E d   0.706   0.000 (  0.000   3.635)
 548 S e   0.706   0.000 (  0.000   3.635)
 549 A a   0.854   0.000 (  0.003   4.760)
 550 S b   0.854   0.000 (  0.003   4.760)
 551 S c   0.854   0.000 (  0.003   4.760)
 552 F d   0.854   0.000 (  0.003   4.760)
 553 D e   0.854   0.000 (  0.003   4.760)
 554 E f   0.854   0.000 (  0.003   4.760)
 555 S g   0.854   0.000 (  0.003   4.760)
 556 V a   0.854   0.000 (  0.003   4.760)
 557 N b   0.854   0.000 (  0.003   4.760)
 558 L c   0.854   0.000 (  0.003   4.760)
 559 S d   0.854   0.000 (  0.003   4.760)
 560 F e   0.854   0.000 (  0.003   4.760)
 561 H f   0.854   0.000 (  0.003   4.760)
 562 K g   0.854   0.000 (  0.003   4.760)
 563 L a   0.854   0.000 (  0.003   4.760)
 564 E b   0.854   0.000 (  0.003   4.760)
 565 P c   0.854   0.000 (  0.003   4.760)
 566 A a   0.977   0.000 (  0.018   4.081)
 567 E b   0.977   0.000 (  0.018   4.081)
 568 H a   1.189   0.007 (  0.246   1.396)
 569 A b   1.189   0.007 (  0.246   1.396)
 570 G c   1.189   0.007 (  0.246   1.396)
 571 Y a   1.207   0.010 (  0.297   1.215)
 572 V b   1.207   0.010 (  0.297   1.215)
 573 M c   1.207   0.010 (  0.297   1.215)
 574 A d   1.207   0.010 (  0.297   1.215)
 575 H a   1.361   0.138 (  1.115   0.278)
 576 Q b   1.361   0.138 (  1.115   0.278)
 577 Q c   1.361   0.138 (  1.115   0.278)
 578 M d   1.361   0.138 (  1.115   0.278)
 579 E e   1.361   0.138 (  1.115   0.278)
 580 K f   1.361   0.138 (  1.115   0.278)
 581 T g   1.361   0.138 (  1.115   0.278)
 582 T a   1.394   0.229 (  1.400   0.188)
 583 A b   1.394   0.229 (  1.400   0.188)
 584 Q c   1.394   0.229 (  1.400   0.188)
 585 L d   1.394   0.229 (  1.400   0.188)
 586 N e   1.394   0.229 (  1.400   0.188)
 587 E f   1.394   0.229 (  1.400   0.188)
 588 R g   1.394   0.229 (  1.400   0.188)
 589 A a   1.394   0.229 (  1.400   0.188)
 590 N b   1.394   0.229 (  1.400   0.188)
 591 A c   1.394   0.229 (  1.400   0.188)
 592 V d   1.394   0.229 (  1.400   0.188)
 593 S e   1.394   0.229 (  1.400   0.188)
 594 N f   1.394   0.229 (  1.400   0.188)
 595 I g   1.394   0.229 (  1.400   0.188)
 596 R a   1.394   0.229 (  1.400   0.188)
 597 T b   1.394   0.229 (  1.400   0.188)
 598 Q c   1.394   0.229 (  1.400   0.188)
 599 M d   1.394   0.229 (  1.400   0.188)
 600 E e   1.394   0.229 (  1.400   0.188)
 601 E f   1.394   0.229 (  1.400   0.188)
 602 K g   1.394   0.229 (  1.400   0.188)
 603 I e   1.253   0.022 (  0.464   0.823)
 604 A f   1.253   0.022 (  0.464   0.823)
 605 D g   1.253   0.022 (  0.464   0.823)
 606 S a   1.253   0.022 (  0.464   0.823)
 607 S b   1.253   0.022 (  0.464   0.823)
 608 N c   1.253   0.022 (  0.464   0.823)
 609 S d   1.253   0.022 (  0.464   0.823)
 610 K e   1.253   0.022 (  0.464   0.823)
 611 Q f   1.253   0.022 (  0.464   0.823)
 612 R g   1.253   0.022 (  0.464   0.823)
 613 P d   1.047   0.001 (  0.047   3.199)
 614 I e   1.047   0.001 (  0.047   3.199)
 615 S f   1.047   0.001 (  0.047   3.199)
 616 Q g   1.047   0.001 (  0.047   3.199)
 617 P d   0.738   0.000 (  0.000   4.022)
 618 I a   0.835   0.000 (  0.002   4.728)
 619 T a   0.858   0.000 (  0.003   4.762)
 620 E b   0.858   0.000 (  0.003   4.762)
 621 I a   0.860   0.000 (  0.003   4.762)
 622 P a   0.903   0.000 (  0.006   4.661)
 623 E b   0.903   0.000 (  0.006   4.661)
 624 G a   1.121   0.002 (  0.117   2.197)
 625 I b   1.121   0.002 (  0.117   2.197)
 626 V c   1.121   0.002 (  0.117   2.197)
 627 A d   1.121   0.002 (  0.117   2.197)
 628 Q e   1.121   0.002 (  0.117   2.197)
 629 K f   1.121   0.002 (  0.117   2.197)
 630 K g   1.121   0.002 (  0.117   2.197)
 631 V a   1.121   0.002 (  0.117   2.197)
 632 S b   1.121   0.002 (  0.117   2.197)
 633 R c   1.121   0.002 (  0.117   2.197)
 634 E d   1.121   0.002 (  0.117   2.197)
 635 E e   1.121   0.002 (  0.117   2.197)
 636 A f   1.121   0.002 (  0.117   2.197)
 637 E g   1.121   0.002 (  0.117   2.197)
 638 A a   1.121   0.002 (  0.117   2.197)
 639 V b   1.121   0.002 (  0.117   2.197)
 640 Q c   1.121   0.002 (  0.117   2.197)
 641 H d   1.121   0.002 (  0.117   2.197)
 642 S e   1.121   0.002 (  0.117   2.197)
 643 N f   1.121   0.002 (  0.117   2.197)
 644 A g   1.121   0.002 (  0.117   2.197)
 645 L d   1.066   0.001 (  0.059   2.948)
 646 F e   1.066   0.001 (  0.059   2.948)
 647 K f   1.066   0.001 (  0.059   2.948)
 648 K g   1.066   0.001 (  0.059   2.948)
 649 P e   0.955   0.000 (  0.013   4.301)
 650 S f   0.955   0.000 (  0.013   4.301)
 651 Q g   0.955   0.000 (  0.013   4.301)
 652 D a   0.994   0.000 (  0.023   3.885)
 653 M b   0.994   0.000 (  0.023   3.885)
 654 S c   0.994   0.000 (  0.023   3.885)
 655 A a   1.027   0.000 (  0.036   3.471)
 656 S b   1.027   0.000 (  0.036   3.471)
 657 L c   1.027   0.000 (  0.036   3.471)
 658 T d   1.027   0.000 (  0.036   3.471)
 659 V e   1.027   0.000 (  0.036   3.471)
 660 R f   1.027   0.000 (  0.036   3.471)
 661 D g   1.027   0.000 (  0.036   3.471)
 662 M a   1.027   0.000 (  0.036   3.471)
 663 A b   1.027   0.000 (  0.036   3.471)
 664 Q c   1.027   0.000 (  0.036   3.471)
 665 Q d   1.027   0.000 (  0.036   3.471)
 666 K e   1.027   0.000 (  0.036   3.471)
 667 T f   1.027   0.000 (  0.036   3.471)
 668 E g   1.027   0.000 (  0.036   3.471)
 669 L a   1.027   0.000 (  0.036   3.471)
 670 R b   1.027   0.000 (  0.036   3.471)
 671 V c   1.027   0.000 (  0.036   3.471)
 672 S d   1.027   0.000 (  0.036   3.471)
 673 S e   1.027   0.000 (  0.036   3.471)
 674 A f   1.027   0.000 (  0.036   3.471)
 675 S g   1.027   0.000 (  0.036   3.471)
 676 T d   0.906   0.000 (  0.006   4.647)
 677 P e   0.906   0.000 (  0.006   4.647)
 678 T f   0.906   0.000 (  0.006   4.647)
 679 K g   0.906   0.000 (  0.006   4.647)
 680 T e   0.906   0.000 (  0.006   4.651)
 681 R f   0.906   0.000 (  0.006   4.651)
 682 A g   0.906   0.000 (  0.006   4.651)
 683 S g   0.721   0.000 (  0.000   3.824)
 684 P b   0.587   0.000 (  0.000   2.044)
 685 P a   0.587   0.000 (  0.000   2.047)
 686 K a   0.833   0.000 (  0.002   4.722)
 687 R a   0.846   0.000 (  0.002   4.752)
 688 A b   0.846   0.000 (  0.002   4.752)
 689 E c   0.846   0.000 (  0.002   4.752)
 690 S d   0.846   0.000 (  0.002   4.752)
 691 N e   0.846   0.000 (  0.002   4.752)
 692 Q f   0.846   0.000 (  0.002   4.752)
 693 S g   0.846   0.000 (  0.002   4.752)
 694 V a   0.846   0.000 (  0.002   4.752)
 695 R b   0.846   0.000 (  0.002   4.752)
 696 T c   0.846   0.000 (  0.002   4.752)
 697 S d   0.846   0.000 (  0.002   4.752)
 698 G e   0.846   0.000 (  0.002   4.752)
 699 S f   0.846   0.000 (  0.002   4.752)
 700 S g   0.846   0.000 (  0.002   4.752)
 701 N a   0.846   0.000 (  0.002   4.752)
 702 S b   0.846   0.000 (  0.002   4.752)
 703 V c   0.846   0.000 (  0.002   4.752)
 704 V d   0.846   0.000 (  0.002   4.752)
 705 Q e   0.846   0.000 (  0.002   4.752)
 706 H f   0.846   0.000 (  0.002   4.752)
 707 S g   0.846   0.000 (  0.002   4.752)
 708 A f   0.759   0.000 (  0.000   4.239)
 709 S g   0.759   0.000 (  0.000   4.239)
 710 S g   0.703   0.000 (  0.000   3.598)
 711 S d   0.695   0.000 (  0.000   3.501)
 712 T e   0.695   0.000 (  0.000   3.501)
 713 D f   0.695   0.000 (  0.000   3.501)
 714 Y g   0.695   0.000 (  0.000   3.501)
 715 V a   0.649   0.000 (  0.000   2.880)
 716 P b   0.649   0.000 (  0.000   2.880)
 717 T c   0.649   0.000 (  0.000   2.880)
 718 S d   0.649   0.000 (  0.000   2.880)
 719 V e   0.649   0.000 (  0.000   2.880)
 720 S f   0.649   0.000 (  0.000   2.880)
 721 A g   0.649   0.000 (  0.000   2.880)
 722 V a   0.575   0.000 (  0.000   1.901)
 723 P b   0.575   0.000 (  0.000   1.901)
 724 E c   0.575   0.000 (  0.000   1.901)
 725 Y d   0.575   0.000 (  0.000   1.901)
 726 F e   0.575   0.000 (  0.000   1.901)
 727 D f   0.575   0.000 (  0.000   1.901)
 728 G g   0.575   0.000 (  0.000   1.901)
 729 P a   0.495   0.000 (  0.000   1.052)
 730 R b   0.495   0.000 (  0.000   1.052)
 731 R c   0.495   0.000 (  0.000   1.052)
 732 N d   0.495   0.000 (  0.000   1.052)
 733 G e   0.495   0.000 (  0.000   1.052)
 734 E f   0.495   0.000 (  0.000   1.052)
 735 Q g   0.495   0.000 (  0.000   1.052)
 736 K g   0.404   0.000 (  0.000   0.451)
 737 V f   0.394   0.000 (  0.000   0.405)
 738 P g   0.394   0.000 (  0.000   0.405)
 739 P c   0.377   0.000 (  0.000   0.338)
 740 P d   0.377   0.000 (  0.000   0.338)
 741 E e   0.377   0.000 (  0.000   0.338)
 742 P f   0.377   0.000 (  0.000   0.338)
 743 P g   0.377   0.000 (  0.000   0.338)
 744 V a   0.377   0.000 (  0.000   0.338)
 745 D b   0.377   0.000 (  0.000   0.338)
 746 Y c   0.377   0.000 (  0.000   0.338)
 747 E a   0.518   0.000 (  0.000   1.264)
 748 G b   0.518   0.000 (  0.000   1.264)
 749 N c   0.518   0.000 (  0.000   1.264)
 750 A d   0.518   0.000 (  0.000   1.264)
 751 K e   0.518   0.000 (  0.000   1.264)
 752 E f   0.518   0.000 (  0.000   1.264)
 753 N g   0.518   0.000 (  0.000   1.264)
 754 A a   0.518   0.000 (  0.000   1.264)
 755 A b   0.518   0.000 (  0.000   1.264)
 756 P c   0.518   0.000 (  0.000   1.264)
 757 S d   0.518   0.000 (  0.000   1.264)
 758 P e   0.518   0.000 (  0.000   1.264)
 759 V f   0.518   0.000 (  0.000   1.264)
 760 P g   0.518   0.000 (  0.000   1.264)
 761 V a   0.518   0.000 (  0.000   1.264)
 762 P b   0.518   0.000 (  0.000   1.264)
 763 K c   0.518   0.000 (  0.000   1.264)
 764 I a   0.567   0.000 (  0.000   1.797)
 765 S b   0.567   0.000 (  0.000   1.797)
 766 Q c   0.567   0.000 (  0.000   1.797)
 767 K d   0.567   0.000 (  0.000   1.797)
 768 P e   0.567   0.000 (  0.000   1.797)
 769 V f   0.567   0.000 (  0.000   1.797)
 770 P g   0.567   0.000 (  0.000   1.797)
 771 T a   0.567   0.000 (  0.000   1.797)
 772 P b   0.567   0.000 (  0.000   1.797)
 773 S c   0.567   0.000 (  0.000   1.797)
 774 T d   0.567   0.000 (  0.000   1.797)
 775 S e   0.567   0.000 (  0.000   1.797)
 776 T f   0.567   0.000 (  0.000   1.797)
 777 D g   0.567   0.000 (  0.000   1.797)
 778 V a   0.567   0.000 (  0.000   1.797)
 779 Q a   0.567   0.000 (  0.000   1.802)
 780 K a   0.574   0.000 (  0.000   1.885)
 781 T b   0.574   0.000 (  0.000   1.885)
 782 N c   0.574   0.000 (  0.000   1.885)
 783 S d   0.574   0.000 (  0.000   1.885)
 784 N e   0.574   0.000 (  0.000   1.885)
 785 V f   0.574   0.000 (  0.000   1.885)
 786 A g   0.574   0.000 (  0.000   1.885)
 787 P a   0.628   0.000 (  0.000   2.591)
 788 R b   0.628   0.000 (  0.000   2.591)
 789 P c   0.628   0.000 (  0.000   2.591)
 790 L a   0.691   0.000 (  0.000   3.450)
 791 G a   0.774   0.000 (  0.001   4.376)
 792 G b   0.774   0.000 (  0.001   4.376)
 793 R c   0.774   0.000 (  0.001   4.376)
 794 K a   0.801   0.000 (  0.001   4.577)
 795 D b   0.801   0.000 (  0.001   4.577)
 796 G c   0.801   0.000 (  0.001   4.577)
 797 N d   0.801   0.000 (  0.001   4.577)
 798 R a   0.835   0.000 (  0.002   4.728)
 799 Q b   0.835   0.000 (  0.002   4.728)
 800 T c   0.835   0.000 (  0.002   4.728)
 801 I d   0.835   0.000 (  0.002   4.728)
 802 T e   0.835   0.000 (  0.002   4.728)
 803 K f   0.835   0.000 (  0.002   4.728)
 804 K g   0.835   0.000 (  0.002   4.728)
 805 T a   0.835   0.000 (  0.002   4.728)
 806 R b   0.835   0.000 (  0.002   4.728)
 807 T c   0.835   0.000 (  0.002   4.728)
 808 Y d   0.835   0.000 (  0.002   4.728)
 809 M e   0.835   0.000 (  0.002   4.728)
 810 I f   0.835   0.000 (  0.002   4.728)
 811 D g   0.835   0.000 (  0.002   4.728)
 812 G a   0.835   0.000 (  0.002   4.728)
 813 V a   0.901   0.000 (  0.006   4.673)
 814 Q b   0.901   0.000 (  0.006   4.673)
 815 V c   0.901   0.000 (  0.006   4.673)
 816 T d   0.901   0.000 (  0.006   4.673)
 817 S e   0.901   0.000 (  0.006   4.673)
 818 T f   0.901   0.000 (  0.006   4.673)
 819 T g   0.901   0.000 (  0.006   4.673)
 820 V a   0.901   0.000 (  0.006   4.673)
 821 H b   0.901   0.000 (  0.006   4.673)
 822 V a   1.177   0.006 (  0.218   1.520)
 823 L b   1.177   0.006 (  0.218   1.520)
 824 G c   1.177   0.006 (  0.218   1.520)
 825 V a   1.372   0.166 (  1.210   0.243)
 826 K b   1.372   0.166 (  1.210   0.243)
 827 D c   1.372   0.166 (  1.210   0.243)
 828 D d   1.372   0.166 (  1.210   0.243)
 829 K e   1.372   0.166 (  1.210   0.243)
 830 V f   1.372   0.166 (  1.210   0.243)
 831 Q g   1.372   0.166 (  1.210   0.243)
 832 R a   1.481   0.607 (  2.309   0.060)
 833 K b   1.481   0.607 (  2.309   0.060)
 834 Q c   1.481   0.607 (  2.309   0.060)
 835 Q d   1.481   0.607 (  2.309   0.060)
 836 L a   1.577   0.906 (  3.382   0.014)
 837 H b   1.577   0.906 (  3.382   0.014)
 838 D c   1.577   0.906 (  3.382   0.014)
 839 L d   1.577   0.906 (  3.382   0.014)
 840 R e   1.577   0.906 (  3.382   0.014)
 841 R f   1.577   0.906 (  3.382   0.014)
 842 L g   1.577   0.906 (  3.382   0.014)
 843 Q a   1.577   0.906 (  3.382   0.014)
 844 R b   1.577   0.906 (  3.382   0.014)
 845 D c   1.577   0.906 (  3.382   0.014)
 846 E d   1.577   0.906 (  3.382   0.014)
 847 A e   1.577   0.906 (  3.382   0.014)
 848 R f   1.577   0.906 (  3.382   0.014)
 849 Q g   1.577   0.906 (  3.382   0.014)
 850 K a   1.577   0.906 (  3.382   0.014)
 851 Q b   1.577   0.906 (  3.382   0.014)
 852 E c   1.577   0.906 (  3.382   0.014)
 853 L d   1.577   0.906 (  3.382   0.014)
 854 Q e   1.577   0.906 (  3.382   0.014)
 855 A f   1.577   0.906 (  3.382   0.014)
 856 E g   1.577   0.906 (  3.382   0.014)
 857 G e   1.423   0.341 (  1.687   0.130)
 858 I f   1.423   0.341 (  1.687   0.130)
 859 K g   1.423   0.341 (  1.687   0.130)
 860 L c   1.370   0.160 (  1.190   0.250)
 861 V d   1.370   0.160 (  1.190   0.250)
 862 E e   1.370   0.160 (  1.190   0.250)
 863 E f   1.370   0.160 (  1.190   0.250)
 864 Q g   1.370   0.160 (  1.190   0.250)
 865 A a   1.370   0.160 (  1.190   0.250)
 866 R b   1.370   0.160 (  1.190   0.250)
 867 K c   1.370   0.160 (  1.190   0.250)
 868 F d   1.370   0.160 (  1.190   0.250)
 869 T e   1.370   0.160 (  1.190   0.250)
 870 S f   1.370   0.160 (  1.190   0.250)
 871 E g   1.370   0.160 (  1.190   0.250)
 872 Q a   1.370   0.160 (  1.190   0.250)
 873 T b   1.370   0.160 (  1.190   0.250)
 874 N c   1.370   0.160 (  1.190   0.250)
 875 L d   1.370   0.160 (  1.190   0.250)
 876 T e   1.370   0.160 (  1.190   0.250)
 877 R f   1.370   0.160 (  1.190   0.250)
 878 T g   1.370   0.160 (  1.190   0.250)
 879 S d   1.244   0.019 (  0.425   0.895)
 880 E e   1.244   0.019 (  0.425   0.895)
 881 L f   1.244   0.019 (  0.425   0.895)
 882 E g   1.244   0.019 (  0.425   0.895)
 883 M a   1.295   0.046 (  0.671   0.555)
 884 D b   1.295   0.046 (  0.671   0.555)
 885 A c   1.295   0.046 (  0.671   0.555)
 886 M d   1.295   0.046 (  0.671   0.555)
 887 E e   1.295   0.046 (  0.671   0.555)
 888 R f   1.295   0.046 (  0.671   0.555)
 889 R g   1.295   0.046 (  0.671   0.555)
 890 Q a   1.295   0.046 (  0.671   0.555)
 891 R a   1.483   0.616 (  2.334   0.058)
 892 K b   1.483   0.616 (  2.334   0.058)
 893 E c   1.483   0.616 (  2.334   0.058)
 894 I d   1.483   0.616 (  2.334   0.058)
 895 E e   1.483   0.616 (  2.334   0.058)
 896 D f   1.483   0.616 (  2.334   0.058)
 897 T g   1.483   0.616 (  2.334   0.058)
 898 E a   1.483   0.616 (  2.334   0.058)
 899 G b   1.483   0.616 (  2.334   0.058)
 900 A c   1.483   0.616 (  2.334   0.058)
 901 Q d   1.483   0.616 (  2.334   0.058)
 902 E e   1.483   0.616 (  2.334   0.058)
 903 H f   1.483   0.616 (  2.334   0.058)
 904 E g   1.483   0.616 (  2.334   0.058)
 905 L a   1.483   0.616 (  2.334   0.058)
 906 R b   1.483   0.616 (  2.334   0.058)
 907 N c   1.483   0.616 (  2.334   0.058)
 908 A d   1.483   0.616 (  2.334   0.058)
 909 Q e   1.483   0.616 (  2.334   0.058)
 910 K f   1.483   0.616 (  2.334   0.058)
 911 R g   1.483   0.616 (  2.334   0.058)
 912 L f   1.477   0.588 (  2.264   0.063)
 913 R g   1.477   0.588 (  2.264   0.063)
 914 I a   1.477   0.588 (  2.264   0.063)
 915 E b   1.477   0.588 (  2.264   0.063)
 916 Q c   1.477   0.588 (  2.264   0.063)
 917 E d   1.477   0.588 (  2.264   0.063)
 918 K e   1.477   0.588 (  2.264   0.063)
 919 D f   1.477   0.588 (  2.264   0.063)
 920 M g   1.477   0.588 (  2.264   0.063)
 921 R e   1.391   0.220 (  1.375   0.195)
 922 A f   1.391   0.220 (  1.375   0.195)
 923 F g   1.391   0.220 (  1.375   0.195)
 924 K a   1.556   0.867 (  3.162   0.019)
 925 E b   1.556   0.867 (  3.162   0.019)
 926 R c   1.556   0.867 (  3.162   0.019)
 927 L d   1.556   0.867 (  3.162   0.019)
 928 K e   1.556   0.867 (  3.162   0.019)
 929 Q f   1.556   0.867 (  3.162   0.019)
 930 E g   1.556   0.867 (  3.162   0.019)
 931 M a   1.556   0.867 (  3.162   0.019)
 932 K b   1.556   0.867 (  3.162   0.019)
 933 I c   1.556   0.867 (  3.162   0.019)
 934 F d   1.556   0.867 (  3.162   0.019)
 935 K e   1.556   0.867 (  3.162   0.019)
 936 Q f   1.556   0.867 (  3.162   0.019)
 937 E g   1.556   0.867 (  3.162   0.019)
 938 L a   1.556   0.867 (  3.162   0.019)
 939 T b   1.556   0.867 (  3.162   0.019)
 940 M c   1.556   0.867 (  3.162   0.019)
 941 L d   1.556   0.867 (  3.162   0.019)
 942 S e   1.556   0.867 (  3.162   0.019)
 943 K f   1.556   0.867 (  3.162   0.019)
 944 V g   1.556   0.867 (  3.162   0.019)
 945 Q f   1.450   0.462 (  1.967   0.092)
 946 R g   1.450   0.462 (  1.967   0.092)
 947 K a   1.613   0.951 (  3.730   0.008)
 948 D b   1.613   0.951 (  3.730   0.008)
 949 A c   1.613   0.951 (  3.730   0.008)
 950 L d   1.613   0.951 (  3.730   0.008)
 951 K e   1.613   0.951 (  3.730   0.008)
 952 Q f   1.613   0.951 (  3.730   0.008)
 953 R g   1.613   0.951 (  3.730   0.008)
 954 K a   1.613   0.951 (  3.730   0.008)
 955 E b   1.613   0.951 (  3.730   0.008)
 956 Q c   1.613   0.951 (  3.730   0.008)
 957 I d   1.613   0.951 (  3.730   0.008)
 958 E e   1.613   0.951 (  3.730   0.008)
 959 I f   1.613   0.951 (  3.730   0.008)
 960 E g   1.613   0.951 (  3.730   0.008)
 961 H a   1.613   0.951 (  3.730   0.008)
 962 Q b   1.613   0.951 (  3.730   0.008)
 963 L c   1.613   0.951 (  3.730   0.008)
 964 K d   1.613   0.951 (  3.730   0.008)
 965 E e   1.613   0.951 (  3.730   0.008)
 966 K f   1.613   0.951 (  3.730   0.008)
 967 D g   1.613   0.951 (  3.730   0.008)
 968 F c   1.422   0.337 (  1.676   0.132)
 969 L a   1.626   0.961 (  3.844   0.006)
 970 M b   1.626   0.961 (  3.844   0.006)
 971 Q c   1.626   0.961 (  3.844   0.006)
 972 L d   1.626   0.961 (  3.844   0.006)
 973 Q e   1.626   0.961 (  3.844   0.006)
 974 Q f   1.626   0.961 (  3.844   0.006)
 975 N g   1.626   0.961 (  3.844   0.006)
 976 A a   1.626   0.961 (  3.844   0.006)
 977 E b   1.626   0.961 (  3.844   0.006)
 978 A c   1.626   0.961 (  3.844   0.006)
 979 M d   1.626   0.961 (  3.844   0.006)
 980 L e   1.626   0.961 (  3.844   0.006)
 981 Q f   1.626   0.961 (  3.844   0.006)
 982 R g   1.626   0.961 (  3.844   0.006)
 983 M a   1.626   0.961 (  3.844   0.006)
 984 A b   1.626   0.961 (  3.844   0.006)
 985 E c   1.626   0.961 (  3.844   0.006)
 986 K d   1.626   0.961 (  3.844   0.006)
 987 H e   1.626   0.961 (  3.844   0.006)
 988 K f   1.626   0.961 (  3.844   0.006)
 989 E g   1.626   0.961 (  3.844   0.006)
 990 R g   1.527   0.788 (  2.836   0.031)
 991 M a   1.527   0.788 (  2.836   0.031)
 992 A b   1.527   0.788 (  2.836   0.031)
 993 S c   1.527   0.788 (  2.836   0.031)
 994 I d   1.527   0.788 (  2.836   0.031)
 995 E e   1.527   0.788 (  2.836   0.031)
 996 K f   1.527   0.788 (  2.836   0.031)
 997 Q g   1.527   0.788 (  2.836   0.031)
 998 F a   1.340   0.100 (  0.961   0.348)
 999 L a   1.441   0.417 (  1.864   0.104)
1000 M b   1.441   0.417 (  1.864   0.104)
1001 Q c   1.441   0.417 (  1.864   0.104)
1002 K d   1.441   0.417 (  1.864   0.104)
1003 H e   1.441   0.417 (  1.864   0.104)
1004 N f   1.441   0.417 (  1.864   0.104)
1005 L g   1.441   0.417 (  1.864   0.104)
1006 L a   1.441   0.417 (  1.864   0.104)
1007 R b   1.441   0.417 (  1.864   0.104)
1008 A c   1.441   0.417 (  1.864   0.104)
1009 K d   1.441   0.417 (  1.864   0.104)
1010 E e   1.441   0.417 (  1.864   0.104)
1011 N f   1.441   0.417 (  1.864   0.104)
1012 N g   1.441   0.417 (  1.864   0.104)
1013 I a   1.441   0.417 (  1.864   0.104)
1014 W b   1.441   0.417 (  1.864   0.104)
1015 E c   1.441   0.417 (  1.864   0.104)
1016 L d   1.441   0.417 (  1.864   0.104)
1017 E e   1.441   0.417 (  1.864   0.104)
1018 D f   1.441   0.417 (  1.864   0.104)
1019 K g   1.441   0.417 (  1.864   0.104)
1020 Q e   1.195   0.008 (  0.261   1.339)
1021 M f   1.195   0.008 (  0.261   1.339)
1022 R g   1.195   0.008 (  0.261   1.339)
1023 E d   1.179   0.006 (  0.223   1.499)
1024 K e   1.179   0.006 (  0.223   1.499)
1025 F f   1.179   0.006 (  0.223   1.499)
1026 V g   1.179   0.006 (  0.223   1.499)
1027 L c   1.048   0.001 (  0.047   3.184)
1028 H d   1.048   0.001 (  0.047   3.184)
1029 R e   1.048   0.001 (  0.047   3.184)
1030 K f   1.048   0.001 (  0.047   3.184)
1031 L g   1.048   0.001 (  0.047   3.184)
1032 F d   0.968   0.000 (  0.015   4.177)
1033 K a   1.087   0.001 (  0.077   2.655)
1034 D b   1.087   0.001 (  0.077   2.655)
1035 E c   1.087   0.001 (  0.077   2.655)
1036 Y d   1.087   0.001 (  0.077   2.655)
1037 Y a   1.176   0.006 (  0.216   1.531)
1038 L b   1.176   0.006 (  0.216   1.531)
1039 L c   1.176   0.006 (  0.216   1.531)
1040 R a   1.309   0.058 (  0.749   0.486)
1041 T b   1.309   0.058 (  0.749   0.486)
1042 Q c   1.309   0.058 (  0.749   0.486)
1043 M d   1.309   0.058 (  0.749   0.486)
1044 L a   1.693   0.989 (  4.258   0.002)
1045 A b   1.693   0.989 (  4.258   0.002)
1046 R c   1.693   0.989 (  4.258   0.002)
1047 H d   1.693   0.989 (  4.258   0.002)
1048 Q e   1.693   0.989 (  4.258   0.002)
1049 R f   1.693   0.989 (  4.258   0.002)
1050 E g   1.693   0.989 (  4.258   0.002)
1051 M a   1.693   0.989 (  4.258   0.002)
1052 A b   1.693   0.989 (  4.258   0.002)
1053 Q c   1.693   0.989 (  4.258   0.002)
1054 I d   1.693   0.989 (  4.258   0.002)
1055 E e   1.693   0.989 (  4.258   0.002)
1056 K f   1.693   0.989 (  4.258   0.002)
1057 I g   1.693   0.989 (  4.258   0.002)
1058 H a   1.693   0.989 (  4.258   0.002)
1059 Q b   1.693   0.989 (  4.258   0.002)
1060 E c   1.693   0.989 (  4.258   0.002)
1061 E d   1.693   0.989 (  4.258   0.002)
1062 E e   1.693   0.989 (  4.258   0.002)
1063 D f   1.693   0.989 (  4.258   0.002)
1064 D g   1.693   0.989 (  4.258   0.002)
1065 L a   1.311   0.061 (  0.765   0.473)
1066 I b   1.311   0.061 (  0.765   0.473)
1067 R c   1.311   0.061 (  0.765   0.473)
1068 A d   1.311   0.061 (  0.765   0.473)
1069 L e   1.311   0.061 (  0.765   0.473)
1070 T f   1.311   0.061 (  0.765   0.473)
1071 L g   1.311   0.061 (  0.765   0.473)
1072 D e   1.112   0.002 (  0.105   2.315)
1073 R f   1.112   0.002 (  0.105   2.315)
1074 K g   1.112   0.002 (  0.105   2.315)
1075 K g   1.105   0.002 (  0.097   2.407)
1076 L d   1.087   0.001 (  0.077   2.656)
1077 P e   1.087   0.001 (  0.077   2.656)
1078 K f   1.087   0.001 (  0.077   2.656)
1079 M g   1.087   0.001 (  0.077   2.656)
1080 L a   1.087   0.001 (  0.077   2.656)
1081 R b   1.087   0.001 (  0.077   2.656)
1082 S c   1.087   0.001 (  0.077   2.656)
1083 E d   1.087   0.001 (  0.077   2.656)
1084 T e   1.087   0.001 (  0.077   2.656)
1085 K f   1.087   0.001 (  0.077   2.656)
1086 T g   1.087   0.001 (  0.077   2.656)
1087 R a   0.923   0.000 (  0.008   4.553)
1088 S a   1.015   0.000 (  0.030   3.626)
1089 V b   1.015   0.000 (  0.030   3.626)
1090 M a   1.118   0.002 (  0.112   2.239)
1091 F b   1.118   0.002 (  0.112   2.239)
1092 K c   1.118   0.002 (  0.112   2.239)
1093 E d   1.118   0.002 (  0.112   2.239)
1094 S e   1.118   0.002 (  0.112   2.239)
1095 L f   1.118   0.002 (  0.112   2.239)
1096 R g   1.118   0.002 (  0.112   2.239)
1097 I a   1.402   0.259 (  1.481   0.169)
1098 S b   1.402   0.259 (  1.481   0.169)
1099 A c   1.402   0.259 (  1.481   0.169)
1100 V d   1.402   0.259 (  1.481   0.169)
1101 N e   1.402   0.259 (  1.481   0.169)
1102 M f   1.402   0.259 (  1.481   0.169)
1103 S g   1.402   0.259 (  1.481   0.169)
1104 N a   1.402   0.259 (  1.481   0.169)
1105 A b   1.402   0.259 (  1.481   0.169)
1106 E c   1.402   0.259 (  1.481   0.169)
1107 M d   1.402   0.259 (  1.481   0.169)
1108 Q e   1.402   0.259 (  1.481   0.169)
1109 E f   1.402   0.259 (  1.481   0.169)
1110 R g   1.402   0.259 (  1.481   0.169)
1111 I a   1.402   0.259 (  1.481   0.169)
1112 R b   1.402   0.259 (  1.481   0.169)
1113 R c   1.402   0.259 (  1.481   0.169)
1114 F d   1.402   0.259 (  1.481   0.169)
1115 D e   1.402   0.259 (  1.481   0.169)
1116 E f   1.402   0.259 (  1.481   0.169)
1117 Q g   1.402   0.259 (  1.481   0.169)
1118 E e   1.235   0.016 (  0.389   0.970)
1119 A f   1.235   0.016 (  0.389   0.970)
1120 L g   1.235   0.016 (  0.389   0.970)
1121 R c   1.223   0.013 (  0.348   1.067)
1122 M d   1.223   0.013 (  0.348   1.067)
1123 R a   1.290   0.042 (  0.642   0.584)
1124 A b   1.290   0.042 (  0.642   0.584)
1125 A c   1.290   0.042 (  0.642   0.584)
1126 L d   1.290   0.042 (  0.642   0.584)
1127 E e   1.290   0.042 (  0.642   0.584)
1128 D f   1.290   0.042 (  0.642   0.584)
1129 H g   1.290   0.042 (  0.642   0.584)
1130 D a   1.290   0.042 (  0.642   0.584)
1131 L b   1.290   0.042 (  0.642   0.584)
1132 K c   1.290   0.042 (  0.642   0.584)
1133 S d   1.290   0.042 (  0.642   0.584)
1134 Q a   1.383   0.196 (  1.306   0.214)
1135 K b   1.383   0.196 (  1.306   0.214)
1136 K c   1.383   0.196 (  1.306   0.214)
1137 L a   1.844   0.999 (  3.922   0.000)
1138 Q b   1.844   0.999 (  3.922   0.000)
1139 I c   1.844   0.999 (  3.922   0.000)
1140 L d   1.844   0.999 (  3.922   0.000)
1141 K e   1.844   0.999 (  3.922   0.000)
1142 E f   1.844   0.999 (  3.922   0.000)
1143 R g   1.844   0.999 (  3.922   0.000)
1144 H a   1.844   0.999 (  3.922   0.000)
1145 Q b   1.844   0.999 (  3.922   0.000)
1146 E c   1.844   0.999 (  3.922   0.000)
1147 A d   1.844   0.999 (  3.922   0.000)
1148 I e   1.844   0.999 (  3.922   0.000)
1149 I f   1.844   0.999 (  3.922   0.000)
1150 E g   1.844   0.999 (  3.922   0.000)
1151 L a   1.844   0.999 (  3.922   0.000)
1152 D b   1.844   0.999 (  3.922   0.000)
1153 E c   1.844   0.999 (  3.922   0.000)
1154 M d   1.844   0.999 (  3.922   0.000)
1155 Q e   1.844   0.999 (  3.922   0.000)
1156 N f   1.844   0.999 (  3.922   0.000)
1157 E g   1.844   0.999 (  3.922   0.000)
1158 K c   1.582   0.914 (  3.435   0.013)
1159 R d   1.582   0.914 (  3.435   0.013)
1160 K e   1.582   0.914 (  3.435   0.013)
1161 Q f   1.582   0.914 (  3.435   0.013)
1162 L g   1.582   0.914 (  3.435   0.013)
1163 L a   1.697   0.990 (  4.272   0.002)
1164 E b   1.697   0.990 (  4.272   0.002)
1165 K c   1.697   0.990 (  4.272   0.002)
1166 E d   1.697   0.990 (  4.272   0.002)
1167 R e   1.697   0.990 (  4.272   0.002)
1168 N f   1.697   0.990 (  4.272   0.002)
1169 T g   1.697   0.990 (  4.272   0.002)
1170 M a   1.697   0.990 (  4.272   0.002)
1171 K b   1.697   0.990 (  4.272   0.002)
1172 E c   1.697   0.990 (  4.272   0.002)
1173 H d   1.697   0.990 (  4.272   0.002)
1174 E e   1.697   0.990 (  4.272   0.002)
1175 A f   1.697   0.990 (  4.272   0.002)
1176 K g   1.697   0.990 (  4.272   0.002)
1177 Y a   1.697   0.990 (  4.272   0.002)
1178 H b   1.697   0.990 (  4.272   0.002)
1179 E c   1.697   0.990 (  4.272   0.002)
1180 M d   1.697   0.990 (  4.272   0.002)
1181 R e   1.697   0.990 (  4.272   0.002)
1182 E f   1.697   0.990 (  4.272   0.002)
1183 L g   1.697   0.990 (  4.272   0.002)
1184 W a   1.167   0.005 (  0.195   1.639)
1185 Q a   1.322   0.073 (  0.831   0.425)
1186 E b   1.322   0.073 (  0.831   0.425)
1187 N c   1.322   0.073 (  0.831   0.425)
1188 L d   1.322   0.073 (  0.831   0.425)
1189 I e   1.322   0.073 (  0.831   0.425)
1190 A f   1.322   0.073 (  0.831   0.425)
1191 R g   1.322   0.073 (  0.831   0.425)
1192 K a   1.322   0.073 (  0.831   0.425)
1193 T b   1.322   0.073 (  0.831   0.425)
1194 V c   1.322   0.073 (  0.831   0.425)
1195 L d   1.322   0.073 (  0.831   0.425)
1196 E e   1.322   0.073 (  0.831   0.425)
1197 E f   1.322   0.073 (  0.831   0.425)
1198 K g   1.322   0.073 (  0.831   0.425)
1199 F a   1.322   0.073 (  0.831   0.425)
1200 E b   1.322   0.073 (  0.831   0.425)
1201 D c   1.322   0.073 (  0.831   0.425)
1202 E d   1.322   0.073 (  0.831   0.425)
1203 L e   1.322   0.073 (  0.831   0.425)
1204 S f   1.322   0.073 (  0.831   0.425)
1205 K g   1.322   0.073 (  0.831   0.425)
1206 Q d   1.073   0.001 (  0.065   2.850)
1207 E e   1.073   0.001 (  0.065   2.850)
1208 V f   1.073   0.001 (  0.065   2.850)
1209 F g   1.073   0.001 (  0.065   2.850)
1210 Y e   0.960   0.000 (  0.014   4.248)
1211 G f   0.960   0.000 (  0.014   4.248)
1212 M g   0.960   0.000 (  0.014   4.248)
1213 S g   0.847   0.000 (  0.002   4.753)
1214 Y a   0.847   0.000 (  0.002   4.753)
1215 T b   0.847   0.000 (  0.002   4.753)
1216 S c   0.847   0.000 (  0.002   4.753)
1217 S d   0.847   0.000 (  0.002   4.753)
1218 Q e   0.847   0.000 (  0.002   4.753)
1219 A f   0.847   0.000 (  0.002   4.753)
1220 S g   0.847   0.000 (  0.002   4.753)
1221 T c   0.748   0.000 (  0.000   4.132)
1222 L d   0.748   0.000 (  0.000   4.132)
1223 S e   0.748   0.000 (  0.000   4.132)
1224 G f   0.748   0.000 (  0.000   4.132)
1225 R g   0.748   0.000 (  0.000   4.132)
1226 H f   0.556   0.000 (  0.000   1.670)
1227 M g   0.556   0.000 (  0.000   1.670)
1228 P g   0.344   0.000 (  0.000   0.233)
       1 sequences     1228 aas      194 in coil
